=== A - 3000 samples ===
Dataset A, train=5760, test=3000: 0.968
Likelihood: -455.61400947486317
             precision    recall  f1-score   support

          0       0.97      0.97      0.97        30
          1       0.20      0.33      0.25         3
          2       0.89      0.85      0.87       137
          3       0.97      0.97      0.97       116
          4       0.83      0.83      0.83        36
          5       1.00      1.00      1.00       640
          6       0.33      0.33      0.33         3
          7       0.99      0.99      0.99      1790
          8       0.62      0.45      0.52        29
          9       0.83      0.87      0.85       216

avg / total       0.97      0.97      0.97      3000

=== A - 20000 samples ===
Dataset A, train=5760, test=20000: 0.967
Likelihood: -2860.3612532668462
             precision    recall  f1-score   support

          0       0.94      0.91      0.93       235
          1       0.71      0.69      0.70       143
          2       0.87      0.91      0.89      1103
          3       0.94      0.97      0.96       628
          4       0.86      0.86      0.86       110
          5       1.00      1.00      1.00      4536
          6       0.00      0.00      0.00        16
          7       0.99      0.99      0.99     11941
          8       0.59      0.45      0.51       170
          9       0.80      0.78      0.79      1118

avg / total       0.97      0.97      0.97     20000

=== B - 3000 samples ===
Dataset B, train=7200, test=3000: 0.959
Likelihood: -574.9041949002738
             precision    recall  f1-score   support

          2       0.61      0.58      0.59        19
          3       0.77      0.90      0.83       155
          4       0.91      1.00      0.95       136
          6       1.00      1.00      1.00      1251
          7       0.77      0.82      0.79        33
          8       0.99      0.99      0.99       738
          9       0.30      0.27      0.29        11
         10       0.94      0.88      0.91       657

avg / total       0.96      0.96      0.96      3000

=== B - 20000 samples ===
Dataset B, train=7200, test=20000: 0.934
Likelihood: -4756.856304814967
             precision    recall  f1-score   support

          0       0.73      0.61      0.66       216
          1       0.75      0.58      0.66        67
          2       0.68      0.62      0.65       252
          3       0.89      0.94      0.91      2421
          4       0.85      0.83      0.84       413
          5       0.71      0.84      0.77        44
          6       1.00      1.00      1.00      4599
          7       0.65      0.43      0.52       366
          8       0.98      0.98      0.98      5990
          9       0.32      0.33      0.33        90
         10       0.90      0.91      0.91      5542

avg / total       0.93      0.93      0.93     20000

=== A - Train 5 giorni, Test 3 giorni ===
Dataset A, train=7200, test=4320: 0.949
Likelihood: -322.0349994538489
             precision    recall  f1-score   support

          0       0.79      0.56      0.65        27
          1       0.75      0.56      0.64        16
          2       0.95      1.00      0.98       471
          3       1.00      0.49      0.66        45
          4       1.00      0.94      0.97        18
          5       1.00      1.00      1.00      1783
          6       0.25      1.00      0.40         1
          7       0.95      0.99      0.97      1726
          8       0.34      0.35      0.35        54
          9       0.44      0.30      0.35       179

avg / total       0.94      0.95      0.94      4320

=== A - Train 5 giorni, Test 10 giorni ===
Dataset A, train=7200, test=12960: 0.957
Likelihood: -929.4214568455806
             precision    recall  f1-score   support

          0       0.80      0.71      0.75        85
          1       0.94      0.84      0.88        87
          2       0.87      1.00      0.93      1474
          3       0.92      0.51      0.65       174
          4       0.90      0.99      0.94        72
          5       1.00      1.00      1.00      5170
          6       0.14      0.11      0.12         9
          7       0.98      1.00      0.99      5263
          8       0.50      0.56      0.53        94
          9       0.53      0.32      0.40       532

avg / total       0.95      0.96      0.95     12960

=== B - Train 5 giorni, Test 3 giorni ===
Dataset B, train=7200, test=4320: 0.927
Likelihood: -739.1181516211335
             precision    recall  f1-score   support

          0       0.68      0.52      0.59        29
          1       0.18      1.00      0.30         3
          2       0.89      0.87      0.88        94
          3       0.97      1.00      0.98      1219
          4       0.60      1.00      0.75        45
          5       0.94      1.00      0.97        15
          6       1.00      1.00      1.00      1452
          7       0.00      0.00      0.00        21
          8       1.00      0.80      0.89       899
          9       0.81      0.87      0.84        15
         10       0.69      0.84      0.76       528

avg / total       0.94      0.93      0.93      4320

=== B - Train 5 giorni, Test 16 giorni ===
Dataset B, train=7200, test=23040: 0.891
Likelihood: -4191.266437252931
             precision    recall  f1-score   support

          0       0.48      0.18      0.27       234
          1       0.07      0.05      0.06        96
          2       0.93      0.85      0.89       320
          3       0.92      1.00      0.96      4417
          4       0.19      0.58      0.28       211
          5       0.93      1.00      0.96        63
          6       1.00      0.95      0.97      8353
          7       0.18      0.13      0.15       214
          8       0.98      0.86      0.92      6514
          9       0.77      0.90      0.83       129
         10       0.61      0.77      0.68      2489

avg / total       0.91      0.89      0.90     23040
